path=color:0x0000ff|weight:5|40.737102,-73.990318|40.749825,-73.987963|40.752946,-73.987384|40.755823,-73.986397

https://maps.googleapis.com/maps/api/staticmap
?size=400x400&center=59.900503,-135.478011&zoom=15
&path=color:0x0000ff|weight:5|50.179211,-4.973466,-4.00,3.09|50.179218,-4.973451|50.179222,-4.973434|50.179234,-4.973420|50.179241,-4.973409,|50.179249,-4.973394|50.179256,-4.973382
&key=AIzaSyBHiKgKb3403Bnil_gtpY1BnmcKSt1c-yU



50.179211,-4.973466,-4.00,3.09|50.179218,-4.973451|50.179222,-4.973434|50.179234,-4.973420|50.179241,-4.973409,|50.179249,-4.973394|50.179256,-4.973382


https://maps.googleapis.com/maps/api/staticmap
?size=400x400&maptype=hybrid
&path=color:0xff0000|weight:5|50.179211,-4.973466|50.179218,-4.973451|50.179222,-4.973434|50.179234,-4.973420|50.179241,-4.973409|50.179249,-4.973394|50.179256,-4.973382
&key=AIzaSyBHiKgKb3403Bnil_gtpY1BnmcKSt1c-yU
